11.32541315 11.01645950 10.81518703 10.61759183 10.32794732 10.13925408 9.86265846 9.77214697 9.59360829 9.50556592 9.24625712 9.16140246 8.91148232 8.82969996 8.58882856 8.51000725 8.35452806 8.20188950 8.12661920 7.97814457 7.76050334 7.54879928 7.14255929 6.88395207 6.63470812 14.00058382 3.26222201 3.26222201 3.26222201 3.26222201 3.29243733 3.29243733 3.29243733 3.29243733 1.79165033 1.80824493 1.80824493 1.80824493 1.80824493 1.80824493
10.23316578 9.95400829 9.77214697 9.59360829 9.33189772 9.24625712 8.99402217 8.82969996 8.66837993 8.66837993 8.43190929 8.27785697 8.12661920 8.05203967 7.83238260 7.76050334 7.61871770 7.54879928 7.41088152 7.27548353 7.07701066 6.88395207 14.39322645 21.79406984 34.24006138 49.51020160 0.23140054 0.28870909 0.15002933 0.28083320 0.23354381 0.12362095 0.30512970 0.11377741 0.10471768 0.20151357 0.16913295 0.16604287 0.13308347 0.23570694
9.68246612 9.50556592 9.24625712 9.07732653 8.91148232 8.74866812 8.51000725 8.43190929 8.27785697 8.20188950 7.97814457 7.90492762 7.76050334 7.61871770 7.47952252 7.41088152 7.27548353 7.14255929 9.77214697 4.71708469 15.07225309 18.80504055 2.76338529 39.31828756 59.53533131 84.51366331 0.29680586 0.17228054 0.11805165 0.17228054 0.15282140 0.31952475 0.26328155 0.21894768 0.11589483 0.15423686 0.15856240 0.27317216 0.30512970 0.10092622
9.50556592 9.33189772 9.07732653 8.91148232 8.74866812 8.58882856 8.35452806 8.27785697 8.12661920 8.05203967 7.83238260 7.76050334 7.61871770 7.54879928 9.77214697 11.43031129 13.61865237 15.21185518 17.14881970 18.97921643 3.23228398 27.95415999 40.42095840 55.81446249 82.96958521 116.69898186 0.28343433 0.30512970 0.31080822 0.10666650 0.28870909 0.24682685 0.24231728 0.29955493 0.16451906 0.27066521 0.25142033 0.10186102 0.21894768 0.28870909
9.50556592 9.24625712 9.07732653 8.91148232 8.66837993 8.58882856 8.35452806 8.27785697 8.12661920 8.05203967 7.83238260 7.76050334 11.22147768 5.03154895 15.35275029 16.83550803 19.15500556 3.61041860 23.24697060 25.49214654 30.65395295 36.52267364 2.29805999 71.59041086 106.42092441 148.31025143 0.26328155 0.28083320 0.16003103 0.28083320 0.11273326 0.19966425 0.14195548 0.26818126 0.12136238 0.19243510 0.12945300 0.20716497 0.28083320 1.34626058
9.50556592 9.33189772 9.07732653 8.91148232 8.74866812 8.58882856 8.35452806 8.27785697 8.12661920 8.05203967 5.93982669 12.41921353 4.58840413 16.99144172 3.92277676 21.39588871 24.12028208 26.20706696 29.00430494 31.80552015 37.89470919 44.73533054 63.50425169 86.88382635 129.15496650 179.99285068 0.23140054 0.17711211 0.22097561 0.25847135 0.27825594 0.24009349 0.26086536 0.31368698 0.12362095 0.10965793 0.17228054 1.46273336 1.60400311 1.72678090
9.59360829 9.41833153 9.16140246 8.99402217 8.74866812 8.66837993 8.43190929 8.35452806 8.20188950 6.51349095 14.66108684 15.92950213 4.18428851 20.81221570 24.12028208 3.51192753 29.00430494 31.51363485 34.55719937 37.54694224 44.73533054 52.81079712 74.96781875 102.56779307 151.07033045 212.48453525 0.27825594 0.30512970 0.25609931 0.28083320 0.12136238 0.27066521 0.11483124 0.10186102 0.12476596 1.39683512 1.51768339 1.67967487 1.77520801 1.87617469
9.68246612 9.50556592 9.24625712 9.07732653 8.91148232 8.74866812 8.51000725 8.43190929 5.88531578 13.87209781 17.79304390 19.15500556 22.82224474 3.78074666 28.21307676 30.37263580 33.92583383 36.52267364 40.05000758 43.51496501 51.84593544 61.20498372 86.08647696 117.77987012 173.47593592 243.99862973 0.27825594 0.21102034 0.12476596 0.27570233 0.11483124 0.11377741 0.26086536 0.11067360 1.42283046 1.57469771 1.66426018 1.79165033 1.87617469 1.96468665
9.77214697 9.59360829 9.33189772 9.16140246 8.99402217 8.82969996 8.27785697 6.27766011 5.31772318 16.52792061 4.34147833 22.19966119 3.78074666 28.21307676 32.10010896 34.55719937 38.59993618 41.55455335 45.56786266 49.51020160 58.44761132 69.63744731 97.94696671 132.77708294 195.56507159 275.06760079 0.29138317 0.21494747 0.23570694 0.12248646 0.10092622 0.18546769 1.04959323 1.27381132 1.56024641 1.66426018 1.74277468 1.85895668 1.94665634 2.01978576
9.86265846 9.68246612 9.50556592 9.33189772 9.07732653 8.91148232 12.65033720 14.93393216 4.98537346 19.15500556 23.67960068 25.25820027 29.54407999 31.80552015 36.18749812 38.95745616 43.11561990 2.89375302 2.76338529 55.30224256 65.88989551 77.07027114 109.40547072 148.31025143 218.44360711 304.42722121 0.22927693 0.29408202 0.11067360 0.16758079 0.19783189 0.14865248 1.33390569 1.42283046 1.63385388 1.72678090 1.80824493 1.91109062 1.98288395 2.05737431
10.04620421 9.77214697 9.59360829 9.41833153 9.16140246 9.07732653 14.93393216 5.31772318 20.24446510 21.59406152 26.44980182 3.88677669 33.00034791 35.20031473 40.05000758 43.11561990 47.71760949 2.84088369 56.33142671 61.20498372 72.25349492 85.29644500 119.97177354 164.14029711 1.54592774 336.92057060 0.28870909 0.28343433 0.10765446 0.11169868 0.26572011 1.20526094 1.43600898 1.50375532 1.67967487 1.77520801 1.84189668 1.94665634 2.01978576 2.09566240
10.13925408 9.95400829 9.68246612 9.50556592 9.33189772 11.85971012 16.99144172 5.07815211 4.58840413 23.89892566 29.27294835 31.22442823 36.18749812 38.95745616 43.91800893 47.27969592 52.32614239 56.33142671 61.77187597 67.11611767 79.23168625 93.53431520 131.55856240 178.34102207 262.67541037 369.46012052 0.13808298 0.16151327 0.17069949 0.13431612 0.21693835 1.32166418 1.48995507 1.54592774 1.72678090 1.80824493 1.87617469 1.98288395 2.05737431 2.11507282
10.23316578 10.04620421 9.77214697 9.59360829 9.41833153 14.00058382 18.97921643 4.89428990 4.46323393 4.30163576 31.80552015 33.92583383 39.68246105 42.32789066 47.71760949 51.37013543 56.85317914 61.77187597 67.11611767 72.92272059 86.08647696 101.62650894 142.94045334 193.77033375 285.40097698 397.74030241 0.16913295 0.28343433 0.28083320 0.10280447 1.12993394 1.38401610 1.53174046 1.58928287 1.74277468 1.84189668 1.89355218 2.00124980 2.07643011 2.13466303
10.32794732 10.13925408 9.95400829 9.77214697 7.68928372 6.22004883 5.12518693 23.24697060 26.94203714 28.73812692 34.55719937 36.86095362 42.71993966 45.56786266 51.84593544 2.97490755 61.77187597 66.50018030 2.61467321 78.50456200 92.67593301 109.40547072 153.88177500 208.60240892 307.24688427 428.18517987 0.22927693 0.15710724 0.29408202 0.27066521 1.23906216 1.43600898 1.57469771 1.61885969 1.77520801 1.85895668 1.92879151 2.01978576 2.09566240 2.15443469
10.52015218 10.23316578 10.04620421 9.86265846 7.01206359 5.93982669 22.61280066 25.25820027 29.27294835 30.93787572 37.20236681 39.68246105 45.98992091 49.05583706 55.81446249 59.53533131 66.50018030 71.59041086 77.78411071 84.51366331 99.76977642 117.77987012 165.66059589 224.56979955 330.76497807 460.96044868 0.25374904 0.27825594 0.14865248 0.94836819 1.29751717 1.47628147 1.58928287 1.64898694 1.79165033 1.87617469 1.94665634 2.03849340 2.11507282 2.17438948
10.61759183 10.32794732 10.13925408 9.95400829 6.63470812 18.97921643 24.56916463 27.19157943 31.22442823 33.30600344 40.05000758 42.32789066 49.51020160 3.20262069 59.53533131 63.50425169 70.93341205 76.36298261 83.73806535 90.14776315 106.42092441 125.63166025 1.87617469 239.54073587 1.47628147 491.69035776 0.22097561 0.11483124 0.19066908 1.12993394 1.34626058 1.48995507 1.61885969 1.66426018 1.80824493 1.89355218 1.94665634 2.05737431 2.11507282 2.19452909
10.71593400 10.52015218 10.23316578 10.04620421 17.14881970 20.62121804 26.20706696 4.50457325 33.61449000 35.52634677 3.64385898 45.14967772 52.32614239 55.81446249 63.50425169 67.73775998 75.66218500 81.45371766 88.50074914 96.15746001 113.51547089 134.00688964 188.48434090 255.50970904 376.33583623 524.46887495 0.21297485 0.17548671 0.18207917 1.20526094 1.37131472 1.51768339 1.63385388 1.67967487 1.82499324 1.91109062 1.96468665 2.05737431 2.13466303 2.19452909
10.81518703 10.61759183 10.32794732 9.33189772 18.63246312 5.46685730 4.71708469 30.93787572 35.52634677 37.89470919 45.14967772 48.15957910 55.81446249 59.53533131 67.11611767 72.25349492 79.96554526 86.08647696 94.40064789 101.62650894 119.97177354 141.62866163 199.20457085 270.04207188 397.74030241 554.29855157 0.18207917 0.12136238 0.16300924 1.25053859 1.39683512 1.53174046 1.64898694 1.69523234 1.84189668 1.92879151 1.98288395 2.07643011 2.13466303 2.21485523
10.91535935 10.71593400 10.42360674 8.20188950 19.87459550 5.36697695 29.81772290 4.38168993 37.89470919 40.05000758 3.57728510 50.89870194 58.98896426 62.92146110 2.94760626 76.36298261 84.51366331 90.98272894 99.76977642 107.40661533 126.79528468 2.11507282 210.53452428 285.40097698 1.44930957 585.82482002 0.18718553 0.17711211 0.18718553 1.27381132 1.42283046 1.54592774 1.66426018 1.71093391 1.84189668 1.92879151 1.98288395 2.07643011 2.15443469 2.21485523
11.32541315 11.11849605 10.81518703 18.46146946 25.25820027 5.07815211 4.46323393 40.42095840 46.41588834 49.05583706 58.44761132 3.38477286 71.59041086 76.36298261 86.08647696 92.67593301 102.56779307 110.41880509 121.08297502 130.35122447 153.88177500 181.65997884 255.50970904 1.61885969 1.42283046 710.97094323 0.10471768 0.28870909 1.05931476 1.35872990 1.47628147 1.58928287 1.69523234 1.74277468 1.87617469 1.96468665 2.01978576 2.11507282 2.17438948 2.25607407
11.75087131 11.53618102 8.05203967 22.82224474 30.37263580 4.89428990 43.51496501 47.71760949 3.85110700 3.74605003 68.99837121 72.92272059 84.51366331 90.14776315 101.62650894 109.40547072 121.08297502 2.54334576 141.62866163 2.36250847 181.65997884 214.45260760 298.86528736 405.14231711 596.72711960 1.27381132 0.19243510 0.17069949 1.17238180 1.39683512 1.50375532 1.61885969 1.72678090 1.77520801 1.91109062 1.98288395 2.03849340 2.13466303 2.19452909 2.25607407
12.08042135 11.85971012 20.43197320 26.69478494 35.20031473 40.79534503 4.26215883 55.30224256 62.92146110 66.50018030 79.23168625 84.51366331 97.04808877 103.51779556 116.69898186 125.63166025 139.04108341 2.52000499 164.14029711 2.34082728 208.60240892 246.25859164 343.19071975 465.22995240 685.22915953 954.94856398 0.25609931 0.90564284 1.22769105 1.42283046 1.53174046 1.64898694 1.74277468 1.79165033 1.91109062 2.00124980 2.05737431 2.13466303 2.21485523 2.27697026
12.41921353 12.19231252 7.01206359 30.65395295 40.05000758 46.41588834 56.85317914 3.99578030 3.74605003 3.64385898 90.14776315 95.27500472 110.41880509 2.94760626 2.78898029 141.62866163 156.74554102 168.74356777 185.04070195 199.20457085 235.16428845 2.01978576 390.47352369 529.32660584 772.48114514 1.23906216 0.20338003 1.04959323 1.26212131 1.44930957 1.54592774 1.66426018 1.75891659 1.79165033 1.92879151 2.00124980 2.05737431 2.15443469 2.21485523 2.29805999
12.76750704 9.77214697 27.19157943 34.55719937 45.14967772 4.63090280 63.50425169 3.95911027 3.71167182 83.73806535 3.32293252 106.42092441 123.33634979 130.35122447 148.31025143 2.68800102 2.56690272 188.48434090 206.68802496 222.50887981 262.67541037 310.09266359 432.15111278 591.25084138 862.85125664 1.22769105 0.16451906 1.09910970 1.28560961 1.46273336 1.56024641 1.66426018 1.75891659 1.80824493 1.94665634 2.01978576 2.07643011 2.15443469 2.23536965 2.29805999
13.24713988 20.81221570 6.51349095 40.42095840 52.32614239 60.08675892 73.59814475 80.70620141 91.82542836 97.04808877 3.29243733 3.20262069 141.62866163 151.07033045 170.30650293 183.34254826 202.91180180 218.44360711 237.34242500 257.87628876 2.13466303 356.08325526 500.84079898 678.94068127 1000.00000000 1.21642429 0.10965793 1.14039960 1.30953502 1.47628147 1.57469771 1.67967487 1.77520801 1.82499324 1.94665634 2.01978576 2.07643011 2.17438948 2.23536965 2.29805999
13.49367141 23.46228848 35.20031473 44.32478591 56.85317914 65.28521141 4.07014245 3.88677669 100.69386315 106.42092441 126.79528468 134.00688964 155.30705739 164.14029711 185.04070195 199.20457085 220.46687352 237.34242500 2.36250847 280.18665565 330.76497807 390.47352369 544.17142869 737.67976025 1.34626058 1.21642429 0.15282140 1.16162263 1.32166418 1.48995507 1.58928287 1.69523234 1.77520801 1.82499324 1.94665634 2.03849340 2.09566240 2.17438948 2.25607407 2.31934506
14.26113707 7.83238260 43.11561990 5.46685730 68.99837121 79.23168625 97.04808877 106.42092441 121.08297502 127.96968682 152.46957270 161.14142773 186.75458428 199.20457085 224.56979955 2.63889081 265.10836019 285.40097698 312.96480107 336.92057060 2.11507282 469.53900107 654.35860189 895.26571260 1.33390569 1.19420003 0.23789010 1.19420003 1.33390569 1.50375532 1.58928287 1.69523234 1.79165033 1.84189668 1.96468665 2.03849340 2.09566240 2.19452909 2.25607407 2.31934506
17.14881970 33.00034791 47.71760949 59.53533131 76.36298261 4.42227398 3.99578030 117.77987012 134.00688964 140.32890848 3.23228398 3.14410830 204.79120967 218.44360711 246.25859164 265.10836019 293.40497092 315.86354083 2.34082728 372.88213072 440.19351852 514.88674501 724.20223346 981.72984062 1.32166418 1.19420003 0.10092622 1.20526094 1.34626058 1.50375532 1.60400311 1.71093391 1.79165033 1.84189668 1.96468665 2.03849340 2.09566240 2.19452909 2.25607407 2.31934506
19.69220255 35.20031473 50.89870194 5.36697695 80.70620141 92.67593301 113.51547089 124.47871462 141.62866163 149.68392931 178.34102207 188.48434090 218.44360711 233.00614107 262.67541037 280.18665565 310.09266359 2.42876438 366.06951476 394.09016404 465.22995240 1.96468665 765.39193882 1.51768339 1.32166418 1.18324063 0.27825594 1.20526094 1.34626058 1.50375532 1.60400311 1.71093391 1.80824493 1.84189668 1.96468665 2.05737431 2.09566240 2.19452909 2.25607407 2.31934506
24.56916463 7.34287045 58.44761132 5.31772318 92.67593301 106.42092441 3.95911027 142.94045334 162.63395040 3.47969790 204.79120967 216.43890861 250.84150593 265.10836019 298.86528736 2.61467321 2.49687843 383.33951018 420.36216838 452.53862782 2.09566240 630.66655406 878.90906534 1.50375532 1.30953502 1.18324063 0.20338003 1.22769105 1.35872990 1.51768339 1.60400311 1.71093391 1.80824493 1.84189668 1.98288395 2.05737431 2.11507282 2.19452909 2.27697026 2.34082728
10.04620421 44.32478591 5.93982669 78.50456200 99.76977642 114.56687286 140.32890848 3.78074666 175.08270317 185.04070195 220.46687352 3.11525422 2.92055551 285.40097698 321.74181507 346.36941774 383.33951018 412.68208457 2.31934506 487.17802188 575.12170718 672.70991357 946.18481947 1.50375532 1.30953502 1.17238180 0.23570694 1.22769105 1.35872990 1.51768339 1.61885969 1.71093391 1.80824493 1.85895668 1.98288395 2.05737431 2.11507282 2.19452909 2.27697026 2.34082728
9.86265846 46.41588834 65.88989551 5.26892142 104.47659716 119.97177354 146.94918006 161.14142773 183.34254826 193.77033375 230.86779942 243.99862973 282.78179796 298.86528736 336.92057060 362.71002523 401.42424905 432.15111278 2.31934506 510.16153147 602.25412015 704.44622773 990.82280990 1.50375532 1.30953502 1.17238180 0.23570694 1.22769105 1.37131472 1.51768339 1.61885969 1.71093391 1.80824493 1.85895668 1.98288395 2.05737431 2.11507282 2.19452909 2.27697026 2.34082728
9.50556592 52.32614239 73.59814475 90.98272894 116.69898186 134.00688964 3.92277676 179.99285068 202.91180180 214.45260760 255.50970904 272.54325313 312.96480107 333.82858647 376.33583623 401.42424905 448.38559480 478.27720177 524.46887495 2.23536965 666.53632681 1.94665634 1.67967487 1.48995507 1.29751717 1.16162263 0.19066908 1.23906216 1.37131472 1.53174046 1.61885969 1.72678090 1.80824493 1.85895668 1.98288395 2.05737431 2.11507282 2.21485523 2.27697026 2.34082728
9.33189772 55.30224256 5.83130511 97.04808877 123.33634979 141.62866163 173.47593592 190.23011887 216.43890861 3.44776405 272.54325313 288.04441534 333.82858647 352.81541154 397.74030241 428.18517987 473.88796097 510.16153147 559.43257062 602.25412015 710.97094323 831.61041532 1.67967487 1.48995507 1.29751717 1.16162263 0.14593658 1.23906216 1.37131472 1.53174046 1.61885969 1.72678090 1.82499324 1.85895668 1.98288395 2.05737431 2.11507282 2.21485523 2.27697026 2.34082728
40.42095840 62.92146110 88.50074914 5.17265739 4.58840413 161.14142773 197.37643263 216.43890861 246.25859164 257.87628876 3.17322963 3.08666494 376.33583623 2.81481236 452.53862782 2.59067786 2.47396410 575.12170718 630.66655406 685.22915953 801.50069616 946.18481947 1.67967487 1.48995507 1.29751717 1.16162263 0.77426368 1.25053859 1.38401610 1.53174046 1.61885969 1.72678090 1.82499324 1.85895668 1.98288395 2.05737431 2.11507282 2.21485523 2.27697026 2.34082728
44.32478591 68.36516005 96.15746001 118.87076977 152.46957270 173.47593592 3.88677669 233.00614107 265.10836019 280.18665565 333.82858647 352.81541154 408.89482263 436.15377892 2.66333273 524.46887495 580.44859428 624.87880720 685.22915953 737.67976025 870.84314977 1.92879151 1.67967487 1.48995507 1.28560961 1.15096220 0.83352940 1.25053859 1.38401610 1.53174046 1.63385388 1.72678090 1.82499324 1.85895668 1.98288395 2.07643011 2.11507282 2.21485523 2.27697026 2.34082728
47.71760949 74.27982483 103.51779556 129.15496650 164.14029711 188.48434090 3.88677669 253.16484786 285.40097698 301.63343473 359.38136638 379.82153062 440.19351852 469.53900107 529.32660584 564.61414193 624.87880720 672.70991357 737.67976025 801.50069616 937.50150151 1.92879151 1.67967487 1.47628147 1.28560961 1.15096220 0.85690551 1.25053859 1.38401610 1.53174046 1.63385388 1.72678090 1.82499324 1.85895668 2.00124980 2.07643011 2.11507282 2.21485523 2.27697026 2.34082728
8.74866812 79.23168625 111.44152515 137.76507695 4.54629547 201.04964163 246.25859164 270.04207188 307.24688427 3.41612327 386.89007393 408.89482263 473.88796097 500.84079898 564.61414193 607.83231283 672.70991357 724.20223346 2.29805999 854.93270663 2.05737431 1.92879151 1.67967487 1.47628147 1.28560961 1.15096220 0.87285266 1.26212131 1.38401610 1.53174046 1.63385388 1.72678090 1.82499324 1.85895668 2.00124980 2.07643011 2.11507282 2.21485523 2.27697026 2.34082728
8.66837993 85.29644500 118.87076977 146.94918006 4.54629547 4.26215883 262.67541037 3.71167182 327.72948499 3.41612327 412.68208457 436.15377892 505.47968212 534.22932995 607.83231283 648.35342861 717.55609189 772.48114514 847.08682666 911.92675985 2.05737431 1.92879151 1.66426018 1.47628147 1.28560961 1.15096220 0.88909660 1.26212131 1.38401610 1.54592774 1.63385388 1.72678090 1.82499324 1.85895668 2.00124980 2.07643011 2.13466303 2.21485523 2.27697026 2.34082728
69.63744731 106.42092441 149.68392931 5.07815211 235.16428845 270.04207188 3.85110700 362.71002523 408.89482263 432.15111278 3.14410830 544.17142869 630.66655406 672.70991357 758.36779150 808.92434868 895.26571260 963.79347996 2.27697026 2.19452909 2.05737431 1.91109062 1.66426018 1.47628147 1.27381132 1.14039960 0.91403107 1.26212131 1.39683512 1.54592774 1.63385388 1.74277468 1.82499324 1.87617469 2.00124980 2.07643011 2.13466303 2.21485523 2.27697026 2.36250847
