0.50269668 0.48917644 0.47552454 0.46174949 0.44785831 0.43386021 0.41976294 0.40557397 0.39130055 0.37694967 0.36252806 0.34804221 0.33349835 0.31890246 0.30426028 0.28957634 0.27485593 0.26010470 0.24532655 0.23052512 0.19922242 0.15136144 0.10349286 0.05570213 0.00805819 0.00110956 0.97560939 0.97490365 0.97417562 0.97342465 0.97267147 0.97187352 0.97105060 0.96952505 0.96861970 0.96768795 0.96672490 0.96573174 0.96470763 0.96365173
0.41327631 0.39687318 0.38032979 0.36366111 0.34687708 0.32998728 0.31299971 0.29592493 0.27877199 0.26154925 0.24426412 0.22692274 0.20953378 0.19210441 0.17464157 0.15714791 0.13963011 0.12209712 0.10454662 0.08699017 0.04991299 0.00113736 0.00177798 0.00132216 0.00175873 0.00102830 0.76569889 0.75295687 0.73985610 0.72642020 0.71267378 0.69864202 0.68435029 0.66982378 0.65508723 0.64016466 0.62507915 0.60985269 0.59450606 0.57905879
0.33750051 0.31863898 0.29963342 0.28049452 0.26123742 0.24187299 0.22241172 0.20286368 0.18323855 0.16354567 0.14379405 0.12399236 0.10414869 0.08426407 0.06435218 0.04442063 0.02446598 0.00450344 0.00134308 0.00104280 0.00171595 0.00115209 0.00216959 0.00124880 0.00141385 0.00111431 0.56508288 0.54290139 0.52052027 0.49798280 0.47532818 0.45259167 0.42980470 0.40699516 0.38418758 0.36140349 0.33866163 0.31597825 0.29336736 0.27084095
0.28563597 0.26504601 0.24430359 0.22342201 0.20241676 0.18129961 0.16008186 0.13877436 0.11738756 0.09593147 0.07441579 0.05284983 0.03123706 0.00958797 0.00131318 0.00164312 0.00164569 0.00165062 0.00200516 0.00179876 0.00148922 0.00168798 0.00230758 0.00204171 0.00128455 0.00110437 0.44446319 0.41749594 0.39045362 0.36337707 0.33630176 0.30925830 0.28227295 0.25536809 0.22856268 0.20187268 0.17531142 0.14888993 0.12261726 0.09650075
0.24778418 0.22589330 0.20384367 0.18165063 0.15932714 0.13688559 0.11433788 0.09169540 0.06896911 0.04616953 0.02330679 0.00108204 0.00112765 0.00203634 0.00128313 0.00163319 0.00228842 0.00216211 0.00230860 0.00115057 0.00135930 0.00111150 0.00131148 0.00201468 0.00168219 0.00111163 0.36516947 0.33521542 0.30526016 0.27534125 0.24549065 0.21573530 0.18609781 0.15659698 0.12724834 0.09806458 0.06905596 0.04023065 0.01159504 0.00108328
0.21876645 0.19585698 0.17278053 0.14954996 0.12618293 0.10269239 0.07909074 0.05538988 0.03160121 0.00773568 0.00131739 0.00113812 0.00131531 0.00182631 0.00136424 0.00103051 0.00176666 0.00170270 0.00234746 0.00174781 0.00165173 0.00168924 0.00178867 0.00158632 0.00164918 0.00118429 0.30903410 0.27700109 0.24501455 0.21310961 0.18131565 0.14965714 0.11815424 0.08682343 0.05567806 0.02472877 0.00123020 0.00120040 0.00297745 0.00232547
0.19569329 0.17195521 0.14803913 0.12396553 0.09974894 0.07540271 0.05093963 0.02637192 0.00171131 0.00140217 0.00152945 0.00186985 0.00246878 0.00207664 0.00154659 0.00220672 0.00197659 0.00137250 0.00204949 0.00187030 0.00246012 0.00189415 0.00126608 0.00196008 0.00120081 0.00108537 0.26715000 0.23357384 0.20007737 0.16669386 0.13345089 0.10037114 0.06747309 0.03477164 0.00227863 0.00122866 0.00145513 0.00157818 0.00439806 0.00375181
0.17682161 0.15239149 0.12777828 0.10299970 0.07807216 0.05300935 0.02782439 0.00252980 0.00171885 0.00157230 0.00130510 0.00133756 0.00220381 0.00119373 0.00143424 0.00273571 0.00126436 0.00226352 0.00194463 0.00126506 0.00121080 0.00152507 0.00151577 0.00113042 0.00117711 0.00111826 0.23467064 0.19989869 0.16523082 0.13069896 0.09632932 0.06214328 0.02815810 0.00114049 0.00245410 0.00109886 0.00259593 0.00255666 0.00210365 0.00431999
0.16104171 0.13602253 0.11081786 0.08543899 0.05990514 0.03423084 0.00842946 0.00123112 0.00155779 0.00215096 0.00238271 0.00207248 0.00196351 0.00158031 0.00234340 0.00225284 0.00106329 0.00232576 0.00221068 0.00246492 0.00191769 0.00247102 0.00126097 0.00147024 0.00103623 0.00109905 0.20873155 0.17300351 0.13739826 0.10194664 0.06667385 0.03160028 0.00116397 0.00239456 0.00262526 0.00361944 0.00305504 0.00208600 0.00381169 0.00331557
0.14761113 0.12208287 0.09636345 0.07046847 0.04441133 0.01820724 0.00100356 0.00170612 0.00135174 0.00117234 0.00100211 0.00141338 0.00185507 0.00189592 0.00119921 0.00134970 0.00221679 0.00179100 0.00159397 0.00219245 0.00184202 0.00259905 0.00123135 0.00174875 0.00128020 0.00120740 0.18752875 0.15101774 0.11464430 0.07843843 0.04242451 0.00662215 0.00104330 0.00109662 0.00263791 0.00411414 0.00203698 0.00275005 0.00137632 0.00180365
0.13601044 0.11003884 0.08386867 0.05751795 0.03100179 0.00433462 0.00101316 0.00193163 0.00212414 0.00124920 0.00244594 0.00181887 0.00268486 0.00126123 0.00260962 0.00111191 0.00213427 0.00182939 0.00195833 0.00173290 0.00220877 0.00135016 0.00176040 0.00224246 0.00165848 0.00105634 0.16986822 0.13270367 0.09568867 0.05885253 0.02221897 0.00164465 0.00209555 0.00259721 0.00144142 0.00128600 0.00473086 0.00231516 0.00178460 0.00296159
0.12586619 0.09950482 0.07293687 0.04618264 0.01925855 0.00127888 0.00120339 0.00122057 0.00129763 0.00168919 0.00128780 0.00268171 0.00211540 0.00268864 0.00240518 0.00103236 0.00168591 0.00195802 0.00216464 0.00269426 0.00258178 0.00180921 0.00224043 0.00142354 0.00113108 0.00102770 0.15492751 0.11720889 0.07964970 0.04227872 0.00511911 0.00239912 0.00376108 0.00241257 0.00355526 0.00103254 0.00129992 0.00404899 0.00422380 0.00109740
0.11690623 0.09019306 0.06327313 0.03615946 0.00887077 0.00140609 0.00170270 0.00130197 0.00233363 0.00184170 0.00101801 0.00184509 0.00145869 0.00108610 0.00201827 0.00204529 0.00196526 0.00182029 0.00208654 0.00266763 0.00263769 0.00194619 0.00241909 0.00160820 0.00128349 0.00125287 0.14212125 0.10392671 0.06589994 0.02806921 0.00182384 0.00229519 0.00379610 0.00146649 0.00415588 0.00267505 0.00384687 0.00270865 0.00331471 0.00550397
0.10892189 0.08189241 0.05465189 0.02721674 0.00113209 0.00141579 0.00102428 0.00106224 0.00196665 0.00186925 0.00164299 0.00240472 0.00219798 0.00124439 0.00116183 0.00183345 0.00123882 0.00114560 0.00141654 0.00191843 0.00212971 0.00153713 0.00210295 0.00138140 0.00115009 0.00110422 0.13102124 0.09241339 0.05398040 0.01575014 0.00178853 0.00132548 0.00304394 0.00230857 0.00228524 0.00143823 0.00316139 0.00244151 0.00342089 0.00594372
0.10175068 0.07443617 0.04690530 0.01917593 0.00108920 0.00157767 0.00174854 0.00199181 0.00131038 0.00149755 0.00201344 0.00241380 0.00233484 0.00148096 0.00148285 0.00222536 0.00168580 0.00163859 0.00135737 0.00208689 0.00273154 0.00215577 0.00113736 0.00188508 0.00151199 0.00104919 0.12130693 0.08233670 0.04354744 0.00496668 0.00198758 0.00271444 0.00387479 0.00453516 0.00144693 0.00115402 0.00335961 0.00300838 0.00431682 0.00205263
0.09526522 0.06769329 0.03989791 0.01190038 0.00108105 0.00108512 0.00116196 0.00196615 0.00165755 0.00212846 0.00117429 0.00127367 0.00168357 0.00239690 0.00282222 0.00173996 0.00123835 0.00122529 0.00160726 0.00228988 0.00242760 0.00191577 0.00250692 0.00175890 0.00144110 0.00103140 0.11273350 0.07344290 0.03433860 0.00118747 0.00138726 0.00299158 0.00244331 0.00394673 0.00142372 0.00162282 0.00425714 0.00423580 0.00583871 0.00380354
0.08936710 0.06155777 0.03352159 0.00527836 0.00113694 0.00120106 0.00119635 0.00139881 0.00134651 0.00200978 0.00119281 0.00181352 0.00190435 0.00118259 0.00129755 0.00213664 0.00167270 0.00169076 0.00209779 0.00279984 0.00109147 0.00245368 0.00145840 0.00218655 0.00157984 0.00114501 0.10511070 0.06553481 0.02614989 0.00132233 0.00270624 0.00135614 0.00181448 0.00407009 0.00205507 0.00269694 0.00103054 0.00113572 0.00285391 0.00603923
0.08397467 0.05594574 0.02768891 0.00106419 0.00104217 0.00208694 0.00128396 0.00156961 0.00177696 0.00100646 0.00196683 0.00270827 0.00108142 0.00224600 0.00242223 0.00140947 0.00288391 0.00100914 0.00143799 0.00216173 0.00115544 0.00192813 0.00101260 0.00184143 0.00152172 0.00107155 0.09828844 0.05845684 0.01882037 0.00133749 0.00303945 0.00367870 0.00183877 0.00477309 0.00321997 0.00426488 0.00291145 0.00329607 0.00526353 0.00350534
0.07902113 0.05078944 0.02232781 0.00117951 0.00189367 0.00203854 0.00174719 0.00239521 0.00131001 0.00228943 0.00118229 0.00186030 0.00274826 0.00214187 0.00235334 0.00136824 0.00198912 0.00101274 0.00145955 0.00219868 0.00242875 0.00120423 0.00110613 0.00193128 0.00159283 0.00110142 0.09214670 0.05208459 0.01222130 0.00248609 0.00167519 0.00350181 0.00240157 0.00188355 0.00482554 0.00167891 0.00517688 0.00581985 0.00295772 0.00125810
0.06261952 0.03370950 0.00455796 0.00146099 0.00158076 0.00108442 0.00201106 0.00103420 0.00142366 0.00113730 0.00211623 0.00175964 0.00213776 0.00164029 0.00194558 0.00103426 0.00140001 0.00100562 0.00129715 0.00208022 0.00238316 0.00204505 0.00118863 0.00203913 0.00169565 0.00160515 0.07268506 0.03189048 0.00161270 0.00243333 0.00146522 0.00361581 0.00458119 0.00143225 0.00101409 0.00305440 0.00246358 0.00353354 0.00611743 0.00483431
0.05011048 0.02067639 0.00102947 0.00103226 0.00170170 0.00224379 0.00121502 0.00160082 0.00126693 0.00118175 0.00242335 0.00208824 0.00256652 0.00214750 0.00180288 0.00165914 0.00135039 0.00150373 0.00202848 0.00283267 0.00128336 0.00106173 0.00190803 0.00138373 0.00126836 0.00211887 0.05876963 0.01744931 0.00154248 0.00103329 0.00342053 0.00419074 0.00239155 0.00412715 0.00447115 0.00245894 0.00222703 0.00362093 0.00132933 0.00544023
0.04019093 0.01033251 0.00128898 0.00124540 0.00128816 0.00190931 0.00159804 0.00228349 0.00214904 0.00225495 0.00217619 0.00161496 0.00213964 0.00175661 0.00215937 0.00132465 0.00103842 0.00121235 0.00175613 0.00257810 0.00105941 0.00263957 0.00177221 0.00129059 0.00121858 0.00160914 0.04832382 0.00660767 0.00262919 0.00313387 0.00152861 0.00321363 0.00203978 0.00431626 0.00507913 0.00339347 0.00345606 0.00511536 0.00303279 0.00205158
0.03209153 0.00188408 0.00126281 0.00198629 0.00105697 0.00112483 0.00121054 0.00115912 0.00140668 0.00154454 0.00150305 0.00276772 0.00151746 0.00115242 0.00136687 0.00266936 0.00240786 0.00259888 0.00122148 0.00179762 0.00244814 0.00178535 0.00139917 0.00226692 0.00102997 0.00140957 0.04019318 0.00108177 0.00136398 0.00166313 0.00106089 0.00350312 0.00285593 0.00120113 0.00210189 0.00530694 0.00562388 0.00241680 0.00561276 0.00479990
0.02532658 0.00100910 0.00103022 0.00105645 0.00170179 0.00215275 0.00195358 0.00143134 0.00147051 0.00167155 0.00167911 0.00118378 0.00176421 0.00142452 0.00186497 0.00106008 0.00273181 0.00118686 0.00156410 0.00240602 0.00280179 0.00254751 0.00123557 0.00126877 0.00122174 0.00144932 0.03368450 0.00159034 0.00176062 0.00129406 0.00154909 0.00464670 0.00446186 0.00317157 0.00439515 0.00306669 0.00345327 0.00540638 0.00355189 0.00278149
0.01700534 0.00103364 0.00109764 0.00135719 0.00141543 0.00157268 0.00211989 0.00172742 0.00186704 0.00214663 0.00221615 0.00177007 0.00239161 0.00208444 0.00255143 0.00176727 0.00152392 0.00173371 0.00230691 0.00122961 0.00156318 0.00150154 0.00236084 0.00180371 0.00244611 0.00111454 0.02603884 0.00158946 0.00207901 0.00365381 0.00171960 0.00156754 0.00155302 0.00484013 0.00172755 0.00532277 0.00594408 0.00297399 0.00116964 0.00581122
0.01237309 0.00119411 0.00170193 0.00135426 0.00193019 0.00151363 0.00152756 0.00115161 0.00129982 0.00158325 0.00165388 0.00120742 0.00182898 0.00152148 0.00148378 0.00120602 0.00289748 0.00117860 0.00119907 0.00260998 0.00114037 0.00101800 0.00194010 0.00146623 0.00403960 0.00154970 0.02195881 0.00121551 0.00232351 0.00177137 0.00355570 0.00388456 0.00425175 0.00339321 0.00500180 0.00397587 0.00463678 0.00169373 0.00518028 0.00459117
0.00303963 0.00128214 0.00144406 0.00155969 0.00108017 0.00214040 0.00162822 0.00211326 0.00237712 0.00105669 0.00114364 0.00179145 0.00134018 0.00104018 0.00151539 0.00110470 0.00243779 0.00143688 0.00131150 0.00217339 0.00260600 0.00240182 0.00103270 0.00121415 0.00368512 0.00231449 0.01413397 0.00203485 0.00341027 0.00140581 0.00397645 0.00486570 0.00140875 0.00516682 0.00238005 0.00143165 0.00216558 0.00443614 0.00282529 0.00228144
0.00107393 0.00154884 0.00177677 0.00172622 0.00141735 0.00125414 0.00144127 0.00118685 0.00142725 0.00178149 0.00190714 0.00150386 0.00216159 0.00188259 0.00237415 0.00160955 0.00138379 0.00160956 0.00219739 0.00113218 0.00159294 0.00146044 0.00234750 0.00174670 0.00188442 0.00132061 0.01057506 0.00154929 0.00169120 0.00306275 0.00256603 0.00354106 0.00441540 0.00395657 0.00120573 0.00517955 0.00105705 0.00335796 0.00176779 0.00124386
0.00119968 0.00114985 0.00105479 0.00101943 0.00166828 0.00184863 0.00165858 0.00191822 0.00202681 0.00199571 0.00101037 0.00239403 0.00122823 0.00281640 0.00141774 0.00256957 0.00235117 0.00258023 0.00123348 0.00209978 0.00254097 0.00234961 0.00157972 0.00563086 0.00428184 0.00211669 0.00854077 0.00209708 0.00335940 0.00220239 0.00176848 0.00279105 0.00370168 0.00327028 0.00526196 0.00453744 0.00547273 0.00274565 0.00116710 0.00605516
0.00104381 0.00134139 0.00133990 0.00100343 0.00170521 0.00207434 0.00240714 0.00166181 0.00259995 0.00133081 0.00146073 0.00105972 0.00171962 0.00144205 0.00193575 0.00117303 0.00288431 0.00117997 0.00177307 0.00263858 0.00119010 0.00109260 0.00203054 0.00298805 0.00210883 0.00221337 0.00434357 0.00155177 0.00142113 0.00370784 0.00382707 0.00125988 0.00224314 0.00186680 0.00390981 0.00322298 0.00419409 0.00149139 0.00524104 0.00485634
0.00121921 0.00108389 0.00153517 0.00122308 0.00200529 0.00199465 0.00125403 0.00229267 0.00100648 0.00137752 0.00151464 0.00111933 0.00178397 0.00151016 0.00200696 0.00124669 0.00102579 0.00125709 0.00162352 0.00271742 0.00126933 0.00116938 0.00210086 0.00167758 0.00102074 0.00157048 0.00229304 0.00231627 0.00319591 0.00287275 0.00304920 0.00455781 0.00153739 0.00118719 0.00325468 0.00258584 0.00357408 0.00607536 0.00464852 0.00427458
0.00108832 0.00146379 0.00141524 0.00192410 0.00195539 0.00104010 0.00239272 0.00227380 0.00163817 0.00136675 0.00150659 0.00111335 0.00177974 0.00150731 0.00200528 0.00124596 0.00102591 0.00125798 0.00185283 0.00271962 0.00127259 0.00117395 0.00495788 0.00597291 0.00375845 0.00117480 0.00107768 0.00167605 0.00265532 0.00238141 0.00259101 0.00412521 0.00112117 0.00533714 0.00286806 0.00220975 0.00320803 0.00571892 0.00429860 0.00393098
0.00110132 0.00134250 0.00157190 0.00114773 0.00114659 0.00117913 0.00150150 0.00134299 0.00165672 0.00206771 0.00223773 0.00186949 0.00255647 0.00230060 0.00281122 0.00206165 0.00184794 0.00208292 0.00267724 0.00161662 0.00207896 0.00193099 0.00306920 0.00430916 0.00236244 0.00165521 0.00115319 0.00226205 0.00150535 0.00133385 0.00161284 0.00320088 0.00456055 0.00448648 0.00204083 0.00140485 0.00242444 0.00495573 0.00354929 0.00319511
0.00114282 0.00106685 0.00109414 0.00174121 0.00184756 0.00196729 0.00179578 0.00105702 0.00263195 0.00138630 0.00153570 0.00114990 0.00182252 0.00155500 0.00205711 0.00130109 0.00108383 0.00131822 0.00191496 0.00278323 0.00133826 0.00124003 0.00210037 0.00345341 0.00163996 0.00119710 0.00102340 0.00159078 0.00369160 0.00411942 0.00111814 0.00273298 0.00411352 0.00405541 0.00162151 0.00592433 0.00202704 0.00456860 0.00316914 0.00282173
0.00111456 0.00153393 0.00127260 0.00206052 0.00102518 0.00109651 0.00144445 0.00130315 0.00162947 0.00204980 0.00222686 0.00186401 0.00255551 0.00230319 0.00205960 0.00206978 0.00185827 0.00173967 0.00269130 0.00163216 0.00209730 0.00532466 0.00671999 0.00177368 0.00353223 0.00160592 0.00138183 0.00231216 0.00258766 0.00310837 0.00390590 0.00182892 0.00324925 0.00322163 0.00557734 0.00514060 0.00125774 0.00381904 0.00243298 0.00209859
0.00142765 0.00152758 0.00139136 0.00115652 0.00127280 0.00138514 0.00176614 0.00165171 0.00200068 0.00168955 0.00263288 0.00228316 0.00113607 0.00274183 0.00135583 0.00252008 0.00231180 0.00255011 0.00121108 0.00208540 0.00254127 0.00413216 0.00562945 0.00577248 0.00270358 0.00105232 0.00153313 0.00158453 0.00195194 0.00252470 0.00335846 0.00130586 0.00274887 0.00273869 0.00511091 0.00468634 0.00589604 0.00338442 0.00200606 0.00167916
0.00104113 0.00124686 0.00120893 0.00145720 0.00110410 0.00121320 0.00158913 0.00146906 0.00181244 0.00224656 0.00243478 0.00208100 0.00278000 0.00221704 0.00114548 0.00230866 0.00209976 0.00233825 0.00121542 0.00187574 0.00233731 0.00310609 0.00469009 0.00493620 0.00198532 0.00186433 0.00132693 0.00302986 0.00141123 0.00202743 0.00289161 0.00494932 0.00232172 0.00232629 0.00471251 0.00429827 0.00551789 0.00301301 0.00164120 0.00132067
0.00101227 0.00153020 0.00123922 0.00144715 0.00137005 0.00100636 0.00134769 0.00109898 0.00254860 0.00131340 0.00147123 0.00109175 0.00176969 0.00124972 0.00201213 0.00125913 0.00104473 0.00128189 0.00188135 0.00275233 0.00603723 0.00221391 0.00387255 0.00420718 0.00135689 0.00143794 0.00131921 0.00250603 0.00377400 0.00159871 0.00248877 0.00456709 0.00195281 0.00197002 0.00436826 0.00396289 0.00519105 0.00269196 0.00132578 0.00101073
0.00109982 0.00114147 0.00147095 0.00135553 0.00155276 0.00172459 0.00215217 0.00207473 0.00245440 0.00121693 0.00137270 0.00249730 0.00166784 0.00140323 0.00190821 0.00115460 0.00287487 0.00117728 0.00177730 0.00203170 0.00521600 0.00143102 0.00315459 0.00356608 0.00403144 0.00105486 0.00147570 0.00205156 0.00337255 0.00122528 0.00213764 0.00423375 0.00163100 0.00165917 0.00406783 0.00367017 0.00490574 0.00241168 0.00105039 0.00617685
0.00109000 0.00163965 0.00194006 0.00197526 0.00104681 0.00119174 0.00159188 0.00148857 0.00156257 0.00228807 0.00248359 0.00213550 0.00187222 0.00259666 0.00121149 0.00237731 0.00217052 0.00241075 0.00557464 0.00818783 0.00274166 0.00674695 0.00739307 0.00162480 0.00237048 0.00113442 0.00140386 0.00283523 0.00218099 0.00349442 0.00109170 0.00323993 0.00504745 0.00533100 0.00317094 0.00279603 0.00405355 0.00157438 0.00556805 0.00537420
