0.53007223 0.51745221 0.50327847 0.49185848 0.47594541 0.46577946 0.44814261 0.43927586 0.42592949 0.41996062 0.39895379 0.39141075 0.37168545 0.36257535 0.34421734 0.33350639 0.31656683 0.30425105 0.28879320 0.27485185 0.24534691 0.21574996 0.15651885 0.10973681 0.06462643 0.03824906 0.00013772 0.00025905 0.00008812 0.00122855 0.00219043 0.00101826 0.00416185 0.00352085 0.00034973 0.00138614 0.00374551 0.00290945 0.00284623 0.00382627
0.53007223 0.51745221 0.50327847 0.49183145 0.47594541 0.46575334 0.44814261 0.43927586 0.42590461 0.41996935 0.39892967 0.39138683 0.37168545 0.36258354 0.34421734 0.33351435 0.31659680 0.30425879 0.28877163 0.27483054 0.24535426 0.21574996 0.15649947 0.10973681 0.06462643 0.03824906 0.00022601 0.00044274 0.00035221 0.00010946 0.00029619 0.00034656 0.00190377 0.00003909 0.00369618 0.00386636 0.00053935 0.00421157 0.00372217 0.00432316
0.53007223 0.51745221 0.50327847 0.49183145 0.47594541 0.46575334 0.44814261 0.43927586 0.42590461 0.41997709 0.39892967 0.39138683 0.37172448 0.36259082 0.34421734 0.33352141 0.31656683 0.30422916 0.28877163 0.27486607 0.24532614 0.21574996 0.15649947 0.10973681 0.06462643 0.03824906 0.00007743 0.00040995 0.00050152 0.00062371 0.00006394 0.00990856 0.00042128 0.00012329 0.00370581 0.00099867 0.00123457 0.00301981 0.00154688 0.00132008
0.53007223 0.51745221 0.50327847 0.49183145 0.47594541 0.46575334 0.44814261 0.43927586 0.42590461 0.41993592 0.39892967 0.39138683 0.37168545 0.36259330 0.34425772 0.33352383 0.31660613 0.30422916 0.28877163 0.27486836 0.24532614 0.21574996 0.15649947 0.10977011 0.06462643 0.03824906 0.00028558 0.00076144 0.00041963 0.00088678 0.00051626 0.03160028 0.00020445 0.00124852 0.00088786 0.00410679 0.00335347 0.00392560 0.00185785 0.00114870
0.53007223 0.51745221 0.50327847 0.49183145 0.47594541 0.46575334 0.44814261 0.43927586 0.42590461 0.41998964 0.39892967 0.39143885 0.37173637 0.36260260 0.34421734 0.33353285 0.31656683 0.30427678 0.28877163 0.27483054 0.24532614 0.21574996 0.15649947 0.10973681 0.06462643 0.03824906 0.00018014 0.00056433 0.00034892 0.00038292 0.00028791 0.00144031 0.00024098 0.07922481 0.02979896 0.00004378 0.00068348 0.00011688 0.00086243 0.00319138
0.53007223 0.51745221 0.50327847 0.49183145 0.47594541 0.46575334 0.44820198 0.43933460 0.42590461 0.41999333 0.39892967 0.39138683 0.37168545 0.36260606 0.34421734 0.33348388 0.31661832 0.30422916 0.28877163 0.27483054 0.24532614 0.21574996 0.15654456 0.10973681 0.06462643 0.03824906 0.00005850 0.00015735 0.00130380 0.00145247 0.00146450 0.00037397 0.00026173 0.00088974 0.07709625 0.04667642 0.02477015 0.00009033 0.00150046 0.00244346
0.53007223 0.51745221 0.50327847 0.49189963 0.47594541 0.46575334 0.44814261 0.43927586 0.42590461 0.41993592 0.39892967 0.39138683 0.37168545 0.36261070 0.34421734 0.33354073 0.31662275 0.30428444 0.28882612 0.27483054 0.24532614 0.21580117 0.15649947 0.10973681 0.06462643 0.03824906 0.00019445 0.00061733 0.00017848 0.00147193 0.00056730 0.00179185 0.00106100 0.00044251 0.15642065 0.12795451 0.10744195 0.07151847 0.04356463 0.01579481
0.53014773 0.51752636 0.50327847 0.49183145 0.47594541 0.46575334 0.44814261 0.43927586 0.42590461 0.42000140 0.39899361 0.39138683 0.37168545 0.36255216 0.34421734 0.33354359 0.31656683 0.30428723 0.28877163 0.27483054 0.24532614 0.21574996 0.15655093 0.10978663 0.06462643 0.03824906 0.00035002 0.00039507 0.00032787 0.00039873 0.00115542 0.00064065 0.00066190 0.00170190 0.00051308 0.20187268 0.18262513 0.14888993 0.12261726 0.09650075
0.53007223 0.51745221 0.50327847 0.49183145 0.47601722 0.46575334 0.44814261 0.43927586 0.42590461 0.42000299 0.39892967 0.39138683 0.37168545 0.36255216 0.34421734 0.33354505 0.31656683 0.30428865 0.28877163 0.27483054 0.24532614 0.21580508 0.15655219 0.10978785 0.06462643 0.03824906 0.00036254 0.00053051 0.00027706 0.00146842 0.00251728 0.00042196 0.00167759 0.00157207 0.00012714 0.26002814 0.24178060 0.20977227 0.18482377 0.16000739
0.53007223 0.51745221 0.50327847 0.49183145 0.47594541 0.46575334 0.44814261 0.43934541 0.42590461 0.42000390 0.39892967 0.39138683 0.37174991 0.36255216 0.34421734 0.33348388 0.31662783 0.30422916 0.28877163 0.27488926 0.24538339 0.21574996 0.15649947 0.10973681 0.06462643 0.03824906 0.00012367 0.00079471 0.00134962 0.00059509 0.00125158 0.00095944 0.00074717 0.00001174 0.00014160 0.32735366 0.31027798 0.28028963 0.25688692 0.23358562
0.53015068 0.51745221 0.50327847 0.49183145 0.47594541 0.46575334 0.44814261 0.43934550 0.42590461 0.42000399 0.39892967 0.39138683 0.37168545 0.36261610 0.34421734 0.33354597 0.31662792 0.30428955 0.28877163 0.27483054 0.24538347 0.21574996 0.15649947 0.10973681 0.06467679 0.03824906 0.00006770 0.00039629 0.00026261 0.00209739 0.00046527 0.00032850 0.00091537 0.00058768 0.00051706 0.36140349 0.34493006 0.31597825 0.29336736 0.27084095
0.53007223 0.51745221 0.50327847 0.49183145 0.47594541 0.46575334 0.44814261 0.43927586 0.42590461 0.42000282 0.39892967 0.39138683 0.37168545 0.36255216 0.34421734 0.33354491 0.31662687 0.30422916 0.28877163 0.27488834 0.24532614 0.21574996 0.15649947 0.10973681 0.06467594 0.03824906 0.00014530 0.00045091 0.00044804 0.00121419 0.00104677 0.00226321 0.00115159 0.00142155 0.48533465 0.46523940 0.45066969 0.42498793 0.40486901 0.38477597
0.53014735 0.51745221 0.50327847 0.49190271 0.47594541 0.46575334 0.44814261 0.43927586 0.42590461 0.41993592 0.39892967 0.39138683 0.37168545 0.36261342 0.34421734 0.33348388 0.31662537 0.30422916 0.28877163 0.27483054 0.24538109 0.21574996 0.15649947 0.10973681 0.06467471 0.03824906 0.00014656 0.00004925 0.00102493 0.00084209 0.00029799 0.00082667 0.00018067 0.00008185 0.54535854 0.52696826 0.51360425 0.48998980 0.47144247 0.45288035
0.53014360 0.51745221 0.50327847 0.49183145 0.47594541 0.46575334 0.44814261 0.43927586 0.42590461 0.41993592 0.39892967 0.39138683 0.37168545 0.36255216 0.34421734 0.33354043 0.31656683 0.30428416 0.28882585 0.27488410 0.24532614 0.21580094 0.15649947 0.10973681 0.06467232 0.03824906 0.00001920 0.00005842 0.00084155 0.00071574 0.00131082 0.00055194 0.65474990 0.64776383 0.62328508 0.60729877 0.59563564 0.57493753 0.55860581 0.54219958
0.53007223 0.51745221 0.50327847 0.49183145 0.47594541 0.46575334 0.44814261 0.43927586 0.42590461 0.41999286 0.39892967 0.39138683 0.37173946 0.36255216 0.34421734 0.33348388 0.31656683 0.30427971 0.28877163 0.27487977 0.24532614 0.21574996 0.15654430 0.10973681 0.06462643 0.03824906 0.00025605 0.00003567 0.00070790 0.00069703 0.00065150 0.74709175 0.73486930 0.72930351 0.70965343 0.69670012 0.68719196 0.67020280 0.65669785 0.64304709
0.53007223 0.51745221 0.50327847 0.49183145 0.47600235 0.46575334 0.44814261 0.43927586 0.42590461 0.41998913 0.39898164 0.39138683 0.37168545 0.36260216 0.34421734 0.33353245 0.31661462 0.30427640 0.28877163 0.27483054 0.24537100 0.21574996 0.15654137 0.10973681 0.06462643 0.03824906 0.00001139 0.00029478 0.00098193 0.00028650 0.00016133 0.79151014 0.78135520 0.77671355 0.76023962 0.74930696 0.74124570 0.72676688 0.71519061 0.70343119
0.53007223 0.51745221 0.50327847 0.49183145 0.47594541 0.46575334 0.44814261 0.43927586 0.42590461 0.41993592 0.39892967 0.39138683 0.37173042 0.36255216 0.34421734 0.33348388 0.31656683 0.30422916 0.28877163 0.27487154 0.24532614 0.21574996 0.15649947 0.10973681 0.06466157 0.03824906 0.00034226 0.00023805 0.00043892 0.00003157 0.85400087 0.84691107 0.83957054 0.83619939 0.82415136 0.81608237 0.81009437 0.79925695 0.79051569 0.78156674
0.53007223 0.51745221 0.50327847 0.49187873 0.47594541 0.46575334 0.44814261 0.43927586 0.42590461 0.41997921 0.39892967 0.39138683 0.37168545 0.36259285 0.34421734 0.33352340 0.31660572 0.30422916 0.28877163 0.27483054 0.24532614 0.21578560 0.15649947 0.10973681 0.06462643 0.03824906 0.00019591 0.00080502 0.00045380 0.88812306 0.88377707 0.87833671 0.87268823 0.87008837 0.86076464 0.85449019 0.84981742 0.84132314 0.83443565 0.82735014
0.53007223 0.51745221 0.50327847 0.49183145 0.47594541 0.46575334 0.44814261 0.43927586 0.42590461 0.41993592 0.39892967 0.39141875 0.37168545 0.36255216 0.34424774 0.33348388 0.31659643 0.30422916 0.28877163 0.27483054 0.24532614 0.21574996 0.15649947 0.10973681 0.06462643 0.03824906 0.00008741 0.00013040 0.94283572 0.94017301 0.93821898 0.93577328 0.93323257 0.93206211 0.92785596 0.92501517 0.92289275 0.91901696 0.91585520 0.91258232
0.53010018 0.51745221 0.50327847 0.49185798 0.47597140 0.46575334 0.44814261 0.43927586 0.42590461 0.41996022 0.39892967 0.39138683 0.37168545 0.36255216 0.34421734 0.33348388 0.31658866 0.30422916 0.28879291 0.27485157 0.24532614 0.21574996 0.15649947 0.10973681 0.06462643 0.03824906 0.00015271 0.96978278 0.96903406 0.96789174 0.96705738 0.96601828 0.96494438 0.96445141 0.96268963 0.96150510 0.96062303 0.95898938 0.95768334 0.95633480
0.50269668 0.48917644 0.47400024 0.46174949 0.44475661 0.43386021 0.41504318 0.40557397 0.39130055 0.38493143 0.36252806 0.35448802 0.33349835 0.32377326 0.30426028 0.29284234 0.27485593 0.26174560 0.24532655 0.23052512 0.19922242 0.16787146 0.10514234 0.05570213 0.00805819 0.00020880 0.97568115 0.97475487 0.97417562 0.97329280 0.97267147 0.97187352 0.97105060 0.97067341 0.96861970 0.96768795 0.96699354 0.96573174 0.96470763 0.96365173
0.46480824 0.45005947 0.43351649 0.42017068 0.40167104 0.38981647 0.36935923 0.35907087 0.34357149 0.33665854 0.31235754 0.30364219 0.28090399 0.27037478 0.24926201 0.23691558 0.21747655 0.20331483 0.18558940 0.16962089 0.13587073 0.10210265 0.03463171 0.00014173 0.00005690 0.00025647 0.90252738 0.89633369 0.89241608 0.88638772 0.88196019 0.87641832 0.87066527 0.86801758 0.85852409 0.85213707 0.84738144 0.83873871 0.83173303 0.82452804
0.42037114 0.40419340 0.38606026 0.37144102 0.35118994 0.33822194 0.31585822 0.30461671 0.28769163 0.28014648 0.25363767 0.24413616 0.21936302 0.20789661 0.18491641 0.17148749 0.15035339 0.13496403 0.11571378 0.09837353 0.06175876 0.02515434 0.00007418 0.00026975 0.00069889 0.00033108 0.78651283 0.77120629 0.76164400 0.74712140 0.73660810 0.72363493 0.71038773 0.70436635 0.68316150 0.66922736 0.65902058 0.64082599 0.62640015 0.61185026
0.40277854 0.38603789 0.36727218 0.35214839 0.33120497 0.31779646 0.29467405 0.28305748 0.26556668 0.25777015 0.23038399 0.22057047 0.19498339 0.18314594 0.15942566 0.14556183 0.12375132 0.10787320 0.08800998 0.07012820 0.03236496 0.00019176 0.00062418 0.00012273 0.00074290 0.00027409 0.73813436 0.71940023 0.70776911 0.69020889 0.67757312 0.66206646 0.64632605 0.63920158 0.61425474 0.59797611 0.58610597 0.56505266 0.54845098 0.53178208
0.37750900 0.35995142 0.34027832 0.32442669 0.30248106 0.28843579 0.26422060 0.25205742 0.23374858 0.22558955 0.19693388 0.18666795 0.15990699 0.14752925 0.12273205 0.10824119 0.08544887 0.06885815 0.04810866 0.02943138 0.00012778 0.00029206 0.00013371 0.00027905 0.00024240 0.00038830 0.66976693 0.64660597 0.63233533 0.61093993 0.59565047 0.57700130 0.55819204 0.54971645 0.52021212 0.50109481 0.48721671 0.46272101 0.44350400 0.42428981
0.36057634 0.34246681 0.32218349 0.30584081 0.28321767 0.26874050 0.24379018 0.23125522 0.21239298 0.20398832 0.17447454 0.16390173 0.13634603 0.12360250 0.09807200 0.08315614 0.05969666 0.04262315 0.02126959 0.00205221 0.00109011 0.00104050 0.00080421 0.00061615 0.00036509 0.00014721 0.62542589 0.59961430 0.58377517 0.56011441 0.54326556 0.52277676 0.50217682 0.49291428 0.46075972 0.43999345 0.42494902 0.39845265 0.37771375 0.35701604
0.33556719 0.31664280 0.29544378 0.27836951 0.25474195 0.23962024 0.21356558 0.20048239 0.18079276 0.17201906 0.14121885 0.13018741 0.10144399 0.08814864 0.06151974 0.04596797 0.02150605 0.00370558 0.00011340 0.00043978 0.00037600 0.00110835 0.00026262 0.00073572 0.00027266 0.00033851 0.56262861 0.53329205 0.51537469 0.48871982 0.46981358 0.44689996 0.42394060 0.41364109 0.37799208 0.35504855 0.33846209 0.30931583 0.28655647 0.26388483
0.31592596 0.29635176 0.27442865 0.25677295 0.23234438 0.21671029 0.18977840 0.17625505 0.15590595 0.14683941 0.11501295 0.10361486 0.07391876 0.06018491 0.03267638 0.01661125 0.00061395 0.00070248 0.00019792 0.00069488 0.00102272 0.00142546 0.00014293 0.00034680 0.00044252 0.00004875 0.51566215 0.48382307 0.46443261 0.43565692 0.41529354 0.39066182 0.36602922 0.35499365 0.31686037 0.29236535 0.27467812 0.24363613 0.21942755 0.19533677
0.30221200 0.28217680 0.25974568 0.24167943 0.21668073 0.20068983 0.17313748 0.15930304 0.13848812 0.12921523 0.09666046 0.08500268 0.05462660 0.04058112 0.01245217 0.00011051 0.00047984 0.00031296 0.00022311 0.00057560 0.00110518 0.00101284 0.00075515 0.00055700 0.00084282 0.00040223 0.48408785 0.45061492 0.43026282 0.40010222 0.37878672 0.35303146 0.32730344 0.31578556 0.27602221 0.25050727 0.23209545 0.19980362 0.17463791 0.14960839
0.28795591 0.26744402 0.24447497 0.22597878 0.20038914 0.18401545 0.15581216 0.14165052 0.12034426 0.11085236 0.07753423 0.06560277 0.03451651 0.02014381 0.00029414 0.00009903 0.00025104 0.00122319 0.00055778 0.00060496 0.00131381 0.00078653 0.00052715 0.00038927 0.00010389 0.00053117 0.45231864 0.41723262 0.39593078 0.36440165 0.34214458 0.31527729 0.28846397 0.27646786 0.23508634 0.20855740 0.18942445 0.15588729 0.12976661 0.10379942
0.28133159 0.26059639 0.23737504 0.21867722 0.19281028 0.17625883 0.14774893 0.13343526 0.11189855 0.10230361 0.06862578 0.05656582 0.02514711 0.01061940 0.00006410 0.00002727 0.00034458 0.00041244 0.00057431 0.00094021 0.00067500 0.00062558 0.00075289 0.00053099 0.00045039 0.00025759 0.43790857 0.40209934 0.38037151 0.34822824 0.32554836 0.29818138 0.27088001 0.25866870 0.21655847 0.18957239 0.17011411 0.13601465 0.10946239 0.08307110
0.26319402 0.24183657 0.21792430 0.19866927 0.17203057 0.15499121 0.12563357 0.11089755 0.08872254 0.07884260 0.04416773 0.03175123 0.00005186 0.00022929 0.00082145 0.00033854 0.00046006 0.00055802 0.00065307 0.00037615 0.00156360 0.00074540 0.00008663 0.00002817 0.00075179 0.00053799 0.39957406 0.36186142 0.33901182 0.30525013 0.28145515 0.25276929 0.22417857 0.21139841 0.16735998 0.13916288 0.11884207 0.08325053 0.05555193 0.02803328
0.25366281 0.23197585 0.20769624 0.18814522 0.16109707 0.14379674 0.11398854 0.09902683 0.07651185 0.06648039 0.03127409 0.01866732 0.00054315 0.00089659 0.00008561 0.00078997 0.00068652 0.00081617 0.00048871 0.00060980 0.00069083 0.00027270 0.00039497 0.00107412 0.00014154 0.00017649 0.38007521 0.34140368 0.31798852 0.28341023 0.25905209 0.22969957 0.20045648 0.18738827 0.14237256 0.11356091 0.09280203 0.05645201 0.02817009 0.00007731
0.24237722 0.22029833 0.19557914 0.17567467 0.14813803 0.13052436 0.10017793 0.08494541 0.06202364 0.05181112 0.01596853 0.00313375 0.00013326 0.00072328 0.00064804 0.00100390 0.00097763 0.00017367 0.00018728 0.00024766 0.00093804 0.00091542 0.00126810 0.00087649 0.00011253 0.00019930 0.35754996 0.31777664 0.29371126 0.25819351 0.23318706 0.20306658 0.17307146 0.15967105 0.11352743 0.08400589 0.06274071 0.02551351 0.00003166 0.00122457
0.23095115 0.20847342 0.18330385 0.16303808 0.13500269 0.11706675 0.08616991 0.07065910 0.04732056 0.03692283 0.00042792 0.00036344 0.00052113 0.00016989 0.00051074 0.00009877 0.00080792 0.00062188 0.00066258 0.00153651 0.00098340 0.00011024 0.00065335 0.00042112 0.00063252 0.00009578 0.33535459 0.29450044 0.26979678 0.23335619 0.20771243 0.17683654 0.14610113 0.13237353 0.08511824 0.05489644 0.03313153 0.00030745 0.00090952 0.00222805
0.22459073 0.20188914 0.17646738 0.15599893 0.12768400 0.10956639 0.07836069 0.06269309 0.03912033 0.02861865 0.00015670 0.00016186 0.00032578 0.00070209 0.00052374 0.00047400 0.00008663 0.00053783 0.00022147 0.00126148 0.00095733 0.00145698 0.00098354 0.00078107 0.00019516 0.00030737 0.32326104 0.28181953 0.25676880 0.21982618 0.19383552 0.16254824 0.13140945 0.11750350 0.06964193 0.03903796 0.01700022 0.00031662 0.00074686 0.00234789
0.21662431 0.19363808 0.16790122 0.14717730 0.11850576 0.10016273 0.06856761 0.05270168 0.02883324 0.01820048 0.00006599 0.00047801 0.00021964 0.00069508 0.00152616 0.00024185 0.00031065 0.00044916 0.00097483 0.00041091 0.00039415 0.00110839 0.00090669 0.00082252 0.00028274 0.00039155 0.30837413 0.26621070 0.24073323 0.20317306 0.17675550 0.14496174 0.11332615 0.09920047 0.05059166 0.01951646 0.00021593 0.00108675 0.00214924 0.00234297
0.21191837 0.18876292 0.16283916 0.14196345 0.11307921 0.09460273 0.06277555 0.04679206 0.02274772 0.01203705 0.00056965 0.00092391 0.00117136 0.00002317 0.00103283 0.00160744 0.00022766 0.00050272 0.00050626 0.00070125 0.00009794 0.00164816 0.00081285 0.00011613 0.00069285 0.00010802 0.29971468 0.25713177 0.23140625 0.19348696 0.16682107 0.13473260 0.10280781 0.08855418 0.03951013 0.00816034 0.00088232 0.00154793 0.00040281 0.00228882
0.20222836 0.17872312 0.15240724 0.13121553 0.10189614 0.08314161 0.05082667 0.03460489 0.01019295 0.00001051 0.00001012 0.00043199 0.00007334 0.00074973 0.00137331 0.00061937 0.00140466 0.00015445 0.00107597 0.00078627 0.00082158 0.00046004 0.00070456 0.00082567 0.00038084 0.00049415 0.28219718 0.23876635 0.21253922 0.17389347 0.14672500 0.11403985 0.08152934 0.06701652 0.01709040 0.00027904 0.00101086 0.00185936 0.00235355 0.00011400
0.19569329 0.17195521 0.14537109 0.12396553 0.09435211 0.07540271 0.04276151 0.02637192 0.00171131 0.00022866 0.00030394 0.00007880 0.00046473 0.00042234 0.00154659 0.00083926 0.00027949 0.00096426 0.00022057 0.00003576 0.00064529 0.00002931 0.00047546 0.00070758 0.00033895 0.00048282 0.27062641 0.22663581 0.20007737 0.16095159 0.13345089 0.10037114 0.06747309 0.05278874 0.00227863 0.00122866 0.00074827 0.00157818 0.00073023 0.00375181
